31750.32
31711.125
18.528
18.509849548339844
0.018615
0.025886659199992817
31606.06
31530.032161458334
18.313
18.39965057373047
0.018779
0.025886659199992817
31614.09
31529.441276041667
18.346
18.32464027404785
0.018777
0.025886659199992817
31397.16
31301.055078125
17.958
17.941747665405273
0.019132
0.025886659199992817
31343.6
31290.715494791668
17.89
17.960947036743164
0.019189
0.02917007642487685
31387.87
31331.074348958333
17.932
17.9241579691569
0.019161
0.025886659199992817
31409.25
31361.054817708333
18.005
17.982532501220703
0.019122
0.026153453315297764
31384.58
31320.949348958333
17.948
17.964754104614258
0.019154
0.025886659199992817
31438.46
31363.763151041665
18.002
17.979419708251953
0.019081
0.025886659199992817
31360.31
31292.956640625
17.902
17.857526779174805
0.019197
0.025886659199992817
31457.33
31409.240364583333
18.063
17.980037689208984
0.019031
0.025886659199992817
31408.95
31333.152473958333
17.97
17.913658142089844
0.019111
0.0502458060781161
31384.3
31293.292057291666
17.949
17.978836059570312
0.019136
0.02815852016210556
31410.89
31332.442057291668
17.976
17.89646339416504
0.019106
0.025886659199992817
31511.6
31457.262760416666
18.17
18.194856643676758
0.018925
0.025886659199992817
31496.26
31435.014322916668
18.11
18.131328582763672
0.018978
0.025886659199992817
31398.16
31332.408854166668
17.978
18.060619227091472
0.0191
0.032508209844430286
31430.69
31386.21328125
18.009
18.053443908691406
0.01906
0.025886659199992817
31422.53
31395.5765625
18.009
17.99201011657715
0.019047
0.025886659199992817
31444.65
31409.545052083333
18.022
17.947546005249023
0.019049
0.03850145960847537
31385.29
31318.228515625
17.943
17.990550994873047
0.019129
0.025886659199992817
31461.81
31433.247135416666
18.045
18.033756256103516
0.01903
0.025886659199992817
31432.39
31385.98671875
18.028
18.03384017944336
0.019047
0.025886659199992817
31431.22
31399.652473958333
18.009
18.100366592407227
0.019057
0.03346870889266332
31420.67
31386.386458333334
18.001
17.980865478515625
0.019085
0.025886659199992817
31375.83
31323.313541666666
17.938
17.96169090270996
0.019151
0.025886659199992817
31312.67
31238.200911458334
17.85
17.875926971435547
0.01924
0.025886659199992817
31275.05
31202.506901041666
17.761
17.675664774576823
0.0193
0.04800499801834424
31241.88
31150.500911458334
17.711
17.697078704833984
0.019334
0.025886659199992817
31342.41
31244.517708333333
17.85
17.752992630004883
0.019167
0.025886659199992817
31302.37
31226.903776041665
17.829
17.815567016601562
0.019218
0.025886659199992817
31334.77
31242.072916666668
17.892
17.783061981201172
0.019194
0.025886659199992817
31262.01
31148.313411458334
17.75
17.613306045532227
0.0193
0.025886659199992817
31246.44
31140.66015625
17.69
17.629627227783203
0.019319
0.025886659199992817
31184.1
31101.485286458334
17.616
17.572189203898112
0.01945
0.025886659199992817
31167.84
31075.274348958334
17.6
17.562458038330078
0.019479
0.025886659199992817
31229.03
31139.615885416668
17.684
17.64972686767578
0.019392
0.040442888935407005
31182.58
31099.479427083334
17.637
17.630760192871094
0.01944
0.025886659199992817
31245.79
31170.432291666668
17.709
17.841636657714844
0.01935
0.025886659199992817
31277.8
31200.43515625
17.766
17.803924560546875
0.01929
0.03676657130320867
31223.54
31143.728645833333
17.68
17.663175582885742
0.0194
0.031193271030982336
31170.09
31101.215755208334
17.591
17.640609741210938
0.019479
0.025886659199992817
31211.37
31210.648958333335
17.68
17.87683868408203
0.01942
0.025886659199992817
31189.69
31144.836848958334
17.623
17.71239471435547
0.01944
0.025886659199992817
31094.8
31092.4375
17.479
17.671743392944336
0.019615
0.025886659199992817
31086.72
31056.657161458334
17.458
17.60279655456543
0.019614
0.025886659199992817
31000.84
30996.313541666666
17.321
17.51337242126465
0.019742
0.025886659199992817
30965.54
30974.470963541666
17.276
17.472658157348633
0.019814
0.025886659199992817
30997.84
30977.402213541667
17.342
17.49852752685547
0.019769
0.025886659199992817
30940.01
30885.801041666666
17.254
17.35423075358073
0.01984
0.026936144630114237
30907.74
30876.320572916666
17.182
17.224201202392578
0.01991
0.025886659199992817
30829.86
30762.211979166666
17.054
17.143644332885742
0.020028
0.025886659199992817
30643.88
30602.496484375
16.76
16.88715934753418
0.020343
0.025886659199992817
30553.89
30488.511588541667
16.642
16.63983917236328
0.020502
0.025886659199992817
30424.99
30348.820182291667
16.453
16.483659998575845
0.020771
0.025886659199992817
30263.82
30201.155859375
16.192
16.2122553507487
0.020952
0.025886659199992817
30053.4
30012.617708333335
15.869
15.991872723897298
0.021326
0.025886659199992817
30001.86
29941.232291666667
15.825
15.853780746459961
0.021394
0.025886659199992817
29968.17
29885.97421875
15.713
15.694135665893555
0.021479
0.025886659199992817
29909.4
29801.812630208333
15.64
15.599706776936848
0.02153
0.025886659199992817
29915.49
29813.219010416666
15.678
15.714759000142415
0.021552
0.025886659199992817
29995.95
29914.211848958334
15.792
15.810234959920248
0.02143
0.05487879738211632
30007.68
29919.076692708335
15.838
15.790738042195638
0.02136
0.025886659199992817
30038.58
29939.164322916666
15.897
15.886935170491537
0.021379
0.025886659199992817
29912.98
29818.619401041666
15.64
15.611365445454915
0.021607
0.032157693554957706
30035.18
29954.48828125
15.84
15.832723553975423
0.021345
0.025886659199992817
30061.87
29972.860286458334
15.882
15.84159558614095
0.02124
0.025886659199992817
29935.79
29848.313411458334
15.736
15.658226903279623
0.021526
0.025886659199992817
29882.22
29798.690364583334
15.614
15.67396920522054
0.02155
0.025886659199992817
29846.39
29755.388411458334
15.598
15.61492722829183
0.021667
0.025886659199992817
29895.04
29781.888020833332
15.642
15.58643716176351
0.0216
0.025886659199992817
29967.53
29867.196223958334
15.734
15.630763943990072
0.021499
0.025886659199992817
30049.99
29944.882161458332
15.855
15.738073285420736
0.02136
0.025886659199992817
30078.76
30011.769270833334
15.902
15.864664967854818
0.021318
0.025886659199992817
30109.09
30049.977864583332
15.991
16.016389846801758
0.021224
0.025886659199992817
30068.61
29990.847265625
15.914
15.872473653157552
0.02128
0.025886659199992817
29978.98
29879.846614583334
15.768
15.760065015157064
0.021476
0.025886659199992817
29969.01
29881.667578125
15.786
15.778456624348959
0.021473
0.025886659199992817
29989.24
29939.6734375
15.798
15.925991948445638
0.021458
0.025886659199992817
30007.22
29967.009114583332
15.832
15.795377731323242
0.021386
0.025886659199992817
29995.17
29924.790364583332
15.8
15.78954594930013
0.021449
0.026255036393801372
30049.62
29994.721484375
15.903
15.93847459157308
0.021322
0.028062897796432177
30044.98
30018.322916666668
15.911
15.980912208557129
0.021312
0.025886659199992817
30028.82
30002.391536458334
15.887
15.969636090596516
0.021382
0.025886659199992817
30082.61
30070.232291666667
15.94
16.01041603088379
0.0213
0.025886659199992817
30047.61
30015.54453125
15.884
15.976888656616211
0.021318
0.025886659199992817
29921.06
29878.376302083332
15.682
15.800576146443685
0.021616
0.025886659199992817
29849.82
29794.140625
15.594
15.681969579060873
0.02167
0.025886659199992817
29817.3
29763.26640625
15.566
15.639222081502279
0.021722
0.02678278796374798
29905.01
29850.175390625
15.669
15.767886288960774
0.021605
0.025886659199992817
30127.28
30053.954947916667
15.98
16.04510498046875
0.021223
0.030763145287831625
29892.03
29837.934895833332
15.651
15.68913745880127
0.021635
0.03485266913970311
29860.71
29825.908463541666
15.588
15.638272221883138
0.021694
0.025886659199992817
29878.99
29814.704036458334
15.619
15.637724812825521
0.021654
0.025886659199992817
29809.42
29746.128255208332
15.512
15.52250207265218
0.021771
0.025886659199992817
29790.02
29744.035416666666
15.472
15.46758836110433
0.021795
0.025886659199992817
29779.99
29729.047395833335
15.455
15.484035428365072
0.02182
0.025886659199992817
29787.99
29740.775130208334
15.462
15.524016507466634
0.021801
0.025886659199992817
29663.81
29604.179427083334
15.293
15.358815129597982
0.022002
0.05894085615873337
29682.2
29588.41875
15.308
15.407014020284016
0.02198
0.025886659199992817
29706.6
29628.629427083335
15.35
15.410979398091634
0.021932
0.03427224283417066
29720.02
29644.589583333334
15.395
15.388514645894368
0.0219
0.02589745695392291
29745.17
29681.798958333333
15.44
15.43275826772054
0.021865
0.025886659199992817
29719.1
29680.868489583332
15.382
15.456624921162923
0.021901
0.025886659199992817
29705.79
29638.983203125
15.36
15.396844800313314
0.021932
0.025886659199992817
29706.56
29622.388671875
15.35
15.410040791829427
0.021933
0.025886659199992817
29715.97
29644.8015625
15.378
15.489955838521322
0.02189
0.025886659199992817
29692.9
29646.233203125
15.339
15.439559110005696
0.021945
0.04294698933760325
29690.99
29630.005208333332
15.346
15.37807362874349
0.021952
0.025886659199992817
29604.99
29537.481770833332
15.202
15.303708012898763
0.02211
0.025886659199992817
29632.98
29562.848307291668
15.262
15.286483891805013
0.022003
0.028289843971530598
29676.02
29622.213411458335
15.304
15.298539098103841
0.021942
0.025886659199992817
29679.0
29612.240755208335
15.335
15.418577321370442
0.021971
0.025886659199992817
29695.45
29639.12109375
15.35
15.314115460713705
0.021931
0.025886659199992817
29621.38
29527.970052083332
15.222
15.177441724141438
0.022087
0.041666258871555326
29648.15
29598.7109375
15.255
15.325216229756673
0.022022
0.038454548766215645
29579.19
29515.585677083334
15.17
15.206450398763021
0.022129
0.025886659199992817
29616.4
29533.846484375
15.22
15.258664067586263
0.02204
0.025886659199992817
29629.95
29548.233072916668
15.212
15.263317998250326
0.022022
0.025886659199992817
29720.34
29613.45390625
15.373
15.345396105448405
0.021869
0.04346200575431188
29729.44
29662.440755208332
15.372
15.412115033467611
0.021888
0.025886659199992817
29723.26
29646.7109375
15.379
15.407669003804525
0.021869
0.025886659199992817
29680.86
29592.336067708333
15.301
15.290960248311361
0.021933
0.04279583394527435
29751.01
29676.967317708335
15.416
15.434248860677084
0.021801
0.025886659199992817
29798.32
29718.773958333335
15.476
15.509724617004395
0.021766
0.025886659199992817
29767.17
29678.781770833335
15.427
15.45725835164388
0.02178
0.025886659199992817
29720.1
29651.54296875
15.352
15.42694943745931
0.021867
0.02936018519103527
29751.67
29674.273177083334
15.407
15.516668256123861
0.02182
0.04054609090089798
29777.62
29708.269661458333
15.456
15.569767888387045
0.021774
0.025886659199992817
29766.99
29687.617708333335
15.439
15.509471066792806
0.02182
0.025886659199992817
29789.82
29701.781770833335
15.456
15.484219678243
0.021758
0.037257996201515195
29796.39
29747.230208333334
15.488
15.530201848347982
0.02175
0.025886659199992817
29802.28
29747.05078125
15.494
15.509265836079916
0.021769
0.04676512132088343
29777.91
29741.0078125
15.454
15.499306615193685
0.021804
0.025886659199992817
29743.94
29665.618489583332
15.407
15.415656979878744
0.021857
0.04012673472364744
29744.12
29699.946614583332
15.405
15.448201115926107
0.021858
0.06407448053359985
29737.01
29671.511067708332
15.396
15.378053792317708
0.021862
0.025886659199992817
29701.99
29618.0078125
15.347
15.380368359883626
0.021927
0.025886659199992817
29715.68
29625.997395833332
15.374
15.415338452657064
0.021879
0.03054366782307625
29758.9
29671.638802083333
15.414
15.436486371358235
0.021817
0.025886659199992817
29785.0
29681.475911458332
15.481
15.527024205525716
0.021771
0.043782306959231694
29806.36
29726.398567708333
15.489
15.509200096130371
0.02177
0.025886659199992817
29770.0
29692.313802083332
15.434
15.37829984029134
0.021817
0.025886659199992817
29796.3
29751.975390625
15.486
15.508017667134602
0.021773
0.03505830516417821
29776.24
29710.104817708332
15.458
15.452646191914877
0.021794
0.025886659199992817
29785.43
29712.809114583335
15.453
15.517500813802084
0.021779
0.025886659199992817
29747.09
29690.622786458334
15.395
15.466242917378743
0.021866
0.025886659199992817
29725.25
29660.0390625
15.374
15.397385724385579
0.02189
0.025886659199992817
29716.7
29659.431380208334
15.334
15.35003178914388
0.021887
0.031000446528196335
29710.14
29656.794921875
15.358
15.403859265645345
0.021914
0.025886659199992817
29727.83
29637.838020833333
15.398
15.360438283284505
0.021921
0.04416082501411438
29770.0
29699.761458333334
15.481
15.499401982625326
0.021822
0.025886659199992817
29860.63
29801.565755208332
15.603
15.634164746602377
0.021711
0.025886659199992817
29881.99
29854.953645833335
15.621
15.716395314534505
0.021643
0.025886659199992817
29816.95
29754.498567708335
15.538
15.540386136372884
0.021746
0.025886659199992817
29838.55
29778.860026041668
15.567
15.613999303181966
0.021701
0.025886659199992817
29797.28
29769.04375
15.489
15.566521581013998
0.021774
0.0658324345946312
29776.94
29726.310286458334
15.463
15.56392281850179
0.021824
0.025886659199992817
29798.63
29744.8984375
15.494
15.594992764790852
0.021783
0.025886659199992817
29818.2
29749.046614583334
15.546
15.661251958211263
0.02174
0.030178187042474748
29811.03
29731.924739583334
15.488
15.619635518391927
0.021742
0.04693693493803342
29891.12
29830.470703125
15.612
15.705831464131673
0.021637
0.025886659199992817
29917.79
29838.865755208335
15.692
15.703445370992025
0.02155
0.025886659199992817
29805.6
29715.505208333332
15.511
15.594629224141439
0.02176
0.04340501800179482
29776.64
29693.184895833332
15.47
15.481781895955404
0.021805
0.025886659199992817
29774.09
29712.0203125
15.468
15.503055572509766
0.021812
0.025886659199992817
29767.43
29716.537109375
15.454
15.503613408406576
0.021821
0.025886659199992817
29735.28
29671.696614583332
15.404
15.439475186665852
0.021917
0.025886659199992817
29733.03
29674.499739583334
15.402
15.417433675130209
0.021884
0.037225098659594856
29705.24
29633.325520833332
15.331
15.408198483784993
0.021908
0.03747126162052154
29689.38
29617.189973958335
15.318
15.384625562032063
0.021903
0.025886659199992817
29656.89
29566.182942708332
15.303
15.290645535786947
0.022027
0.025886659199992817
29656.37
29561.853515625
15.284
15.294463094075521
0.02201
0.046955024202664696
29719.4
29618.718489583334
15.368
15.389820035298666
0.021844
0.03470694224039714
29738.21
29665.204427083332
15.401
15.378115590413412
0.02182
0.025886659199992817
29781.04
29671.845052083332
15.458
15.411817677815755
0.021774
0.04115125238895416
29790.37
29715.560807291666
15.461
15.427184995015462
0.021774
0.04489644442995389
29770.7
29700.193880208335
15.46
15.481150563557943
0.021792
0.025886659199992817
29782.94
29718.493880208334
15.474
15.456875928243
0.0218
0.025886659199992817
29726.3
29682.231770833332
15.377
15.409416135152181
0.021861
0.025886659199992817
29702.58
29654.548177083332
15.353
15.385455067952474
0.021927
0.025886659199992817
29654.43
29585.419921875
15.277
15.30906670888265
0.022029
0.025886659199992817
29697.43
29623.177473958334
15.318
15.376489575703939
0.021979
0.025886659199992817
29765.26
29674.108723958332
15.433
15.460161145528158
0.021826
0.02774223412076632
29774.97
29715.995442708332
15.465
15.555274899800619
0.021811
0.05594001064697902
29780.63
29704.20390625
15.463
15.490231450398763
0.021824
0.03641897141933441
29816.46
29740.876302083332
15.534
15.590215619405111
0.021736
0.04537655164798101
29818.84
29756.277994791668
15.552
15.654726918538412
0.021769
0.025886659199992817
29846.61
29752.0703125
15.57
15.588234074910481
0.021685
0.034612205376227695
29789.26
29682.33671875
15.509
15.535782750447591
0.021778
0.04119504690170288
29819.98
29732.620963541667
15.543
15.541404660542806
0.02172
0.025886659199992817
29788.26
29716.011848958333
15.499
15.555985387166341
0.021789
0.025886659199992817
29694.92
29588.634895833333
15.354
15.383722241719564
0.02194
0.025886659199992817
29667.58
29571.025130208334
15.301
15.295010503133138
0.022004
0.037510637938976285
29506.81
29422.839713541667
15.082
15.104118410746256
0.02228
0.03459471787015597
29578.67
29470.48359375
15.158
15.079426701863607
0.022161
0.025886659199992817
29609.92
29539.314583333333
15.212
15.194855817159016
0.022056
0.025886659199992817
29561.0
29482.779427083333
15.135
15.119797643025716
0.022163
0.025886659199992817
29595.71
29507.970833333333
15.183
15.16735356648763
0.022156
0.025886659199992817
29551.57
29453.328645833335
15.101
15.12089246114095
0.022183
0.025886659199992817
29585.62
29509.798177083332
15.153
15.13078587849935
0.022083
0.025886659199992817
29608.55
29526.703515625
15.2
15.193229802449544
0.022032
0.05264447679122289
29630.03
29528.3328125
15.222
15.24153512318929
0.022034
0.031111497431993484
29650.0
29566.947005208334
15.285
15.346509869893392
0.02199
0.06635871728261312
29728.08
29673.08671875
15.424
15.450713094075521
0.021841
0.025886659199992817
29701.22
29615.496875
15.38
15.380178387959798
0.02191
0.028802604973316194
29742.09
29696.492708333335
15.453
15.448820241292317
0.021804
0.025886659199992817
29723.59
29660.450911458334
15.408
15.431518681844075
0.021826
0.025886659199992817
29720.2
29633.533333333333
15.393
15.360091336568196
0.021821
0.025886659199992817
29758.16
29725.31328125
15.46
15.557403500874837
0.021759
0.04368246098359426
29729.7
29684.316145833334
15.4
15.516879971822103
0.0218
0.03507348944743474
29718.69
29658.323567708332
15.372
15.413251813252767
0.021875
0.025886659199992817
29682.05
29595.10234375
15.34
15.290643819173177
0.021916
0.025886659199992817
29738.85
29665.958333333332
15.407
15.496565755208334
0.021825
0.025886659199992817
29750.0
29701.250520833335
15.418
15.458302434285482
0.021817
0.025886659199992817
29750.01
29682.435546875
15.456
15.59346497853597
0.021821
0.025886659199992817
29767.9
29685.889583333334
15.462
15.53911107381185
0.02178
0.025886659199992817
29749.15
29679.372916666667
15.45
15.472911961873372
0.021832
0.025892841319243114
29690.0
29594.830598958335
15.365
15.360276158650716
0.021947
0.07216862390438715
29696.36
29632.882552083334
15.376
15.369951184590658
0.021932
0.025886659199992817
29701.04
29634.709505208335
15.377
15.389696057637533
0.021907
0.037473840018113456
29679.58
29624.679036458332
15.322
15.369797643025716
0.021942
0.03710806493957838
29661.06
29567.87578125
15.314
15.309139188130697
0.021985
0.025886659199992817
29704.54
29624.806640625
15.379
15.404021199544271
0.021924
0.025886659199992817
29676.93
29588.536458333332
15.351
15.368251927693684
0.021929
0.026503244042396547
29708.58
29638.6640625
15.389
15.440407689412435
0.021884
0.038366311540206276
29708.15
29653.53671875
15.392
15.471791203816732
0.021864
0.025886659199992817
29690.86
29646.224739583333
15.355
15.457949574788412
0.021876
0.025886659199992817
29675.0
29590.04375
15.36
15.439684995015462
0.02192
0.03398649841547012
29680.86
29593.808723958333
15.365
15.427348073323568
0.021926
0.025886659199992817
29691.32
29619.060286458334
15.363
15.461459096272787
0.021924
0.025886659199992817
29720.3
29653.027864583335
15.386
15.463052686055502
0.021878
0.025886659199992817
29679.23
29608.354036458335
15.299
15.349180348714192
0.021949
0.025886659199992817
29665.96
29582.130859375
15.314
15.36246960957845
0.021981
0.025886659199992817
29653.22
29574.516145833335
15.29
15.307750829060872
0.02201
0.02744454431037108
29557.41
29442.233203125
15.134
15.091624196370443
0.022193
0.025886659199992817
29594.31
29508.374739583334
15.185
15.156683985392252
0.022085
0.025886659199992817
29600.0
29519.719270833335
15.216
15.213262494405111
0.022106
0.038454112410545346
29595.23
29530.347005208332
15.213
15.21257298787435
0.022126
0.025886659199992817
29562.8
29517.058333333334
15.13
15.169326909383138
0.022192
0.025886659199992817
29500.09
29410.399609375
15.048
15.030543454488118
0.022281
0.025886659199992817
29502.57
29423.59765625
15.048
15.06459248860677
0.022267
0.025886659199992817
29548.4
29461.781380208333
15.126
15.064432080586752
0.022149
0.025886659199992817
29619.6
29533.780598958332
15.212
15.197529729207357
0.022078
0.025886659199992817
29581.89
29490.673958333333
15.166
15.111819203694662
0.022156
0.04043470472097397
29595.65
29513.437369791667
15.206
15.135415967305502
0.022093
0.025886659199992817
29580.92
29505.84765625
15.179
15.119247500101725
0.022128
0.03573605865240097
29716.61
29614.677213541665
15.365
15.302076276143392
0.021905
0.025886659199992817
29726.95
29651.470703125
15.396
15.29152291615804
0.021822
0.026988328124086063
29751.02
29702.640625
15.417
15.461219724019369
0.021804
0.025886659199992817
29746.62
29701.324479166666
15.411
15.44557851155599
0.021828
0.025886659199992817
29717.53
29679.624348958332
15.368
15.40577901204427
0.021828
0.025886659199992817
29686.99
29647.940755208332
15.318
15.396644719441731
0.021959
0.025886659199992817
29691.35
29645.376302083332
15.348
15.421034940083821
0.021906
0.025886659199992817
29693.41
29637.461067708333
15.377
15.437398846944173
0.021891
0.080208886663119
29706.23
29661.357161458334
15.389
15.50424664815267
0.021884
0.025886659199992817
29736.93
29690.011067708332
15.458
15.563474782307942
0.021845
0.03786458919445674
29817.93
29751.734375
15.567
15.643226750691731
0.021703
0.1649198611577352
29876.64
29856.490234375
15.667
15.817106183369955
0.021574
0.042713871349891026
29840.01
29790.344661458334
15.594
15.678787167867025
0.021671
0.034820928672949475
29739.39
29663.763020833332
15.44
15.55586617787679
0.021796
0.025886659199992817
29729.99
29687.419921875
15.43
15.444650586446127
0.021791
0.030126364529132844
29684.65
29627.871223958333
15.361
15.470869954427084
0.02189
0.025886659199992817
29692.93
29636.330208333333
15.4
15.537528928120931
0.021861
0.025886659199992817
29653.43
29594.144661458333
15.322
15.358812268575033
0.021935
0.025886659199992817
29609.68
29535.065755208332
15.264
15.334387715657552
0.021996
0.025886659199992817
29649.72
29574.854036458335
15.308
15.281188901265462
0.021952
0.025886659199992817
29596.55
29555.242057291667
15.267
15.313666280110677
0.022022
0.032858083645502724
29567.14
29499.065234375
15.176
15.197258885701498
0.022103
0.044506979485352836
29521.1
29447.7078125
15.125
15.155629285176595
0.022172
0.028449973712364834
29581.62
29535.279947916668
15.214
15.250464566548665
0.022107
0.025886659199992817
29525.79
29434.011067708332
15.126
15.182356961568196
0.022159
0.025886659199992817
29517.5
29446.824348958333
15.12
15.146841939290365
0.022189
0.026385898391405743
29540.58
29482.373828125
15.156
15.142341677347819
0.022175
0.025886659199992817
29505.27
29424.127083333333
15.111
15.162962849934896
0.022211
0.05270039861400922
29502.99
29432.513802083333
15.081
15.043730862935384
0.022226
0.025886659199992817
29533.56
29482.740364583333
15.143
15.166966565450032
0.022182
0.025886659199992817
29541.95
29460.057421875
15.137
15.161406644185384
0.022142
0.025886659199992817
29537.69
29474.023958333335
15.138
15.169849332173666
0.022151
0.04691521575053533
29527.1
29440.841145833332
15.173
15.15234006245931
0.022181
0.04104841947555542
29526.77
29426.011588541667
15.167
15.163939603169759
0.022132
0.02961584652463595
29468.1
29380.610677083332
15.035
15.02055066426595
0.022259
0.025886659199992817
29450.58
29385.483723958332
15.024
14.94306271870931
0.02228
0.025886659199992817
29526.15
29442.8390625
15.132
15.062972005208334
0.022176
0.025886659199992817
29503.32
29430.779427083333
15.13
15.108596738179525
0.022209
0.025886659199992817
29405.8
29344.027213541667
14.968
15.001029904683431
0.022372
0.025886659199992817
29368.14
29312.016276041668
14.871
14.942322794596354
0.022425
0.02682889687518279
29449.61
29348.21640625
15.004
15.01398557027181
0.02228
0.07290785213311514
29399.44
29318.145833333332
14.951
14.925029881795247
0.022345
0.04979419559240341
29588.93
29510.990364583333
15.234
15.296641286214193
0.022055
0.025886659199992817
29623.19
29551.337239583332
15.294
15.314012463887533
0.022001
0.025886659199992817
29668.46
29606.733203125
15.357
15.373793538411459
0.021954
0.025886659199992817
29677.81
29581.970052083332
15.377
15.362017758687337
0.021879
0.025886659199992817
29613.62
29533.83203125
15.264
15.273189481099447
0.022003
0.038936346272627514
29609.92
29529.71484375
15.268
15.21874802907308
0.022038
0.043613424400488536
29598.75
29499.823046875
15.233
15.174505360921223
0.022037
0.038598657896121345
29590.84
29488.26640625
15.259
15.196659978230795
0.022035
0.037378073980410896
29723.23
29612.533203125
15.45
15.38362496693929
0.021858
0.03891541933019956
29752.99
29635.047005208333
15.507
15.47302049001058
0.021781
0.025886659199992817
29767.51
29680.995833333334
15.511
15.480923589070638
0.021787
0.025886659199992817
29809.22
29715.564973958335
15.591
15.483398373921712
0.021701
0.02788470747570197
29767.74
29680.627083333333
15.521
15.389178212483724
0.021756
0.0322557953496774
29720.01
29605.600390625
15.456
15.41566079457601
0.021862
0.030743399262428285
29790.11
29685.368489583332
15.523
15.492194112141927
0.021817
0.025886659199992817
29940.7
29850.881770833334
15.729
15.689809735616048
0.021552
0.025886659199992817
29991.46
29915.534114583334
15.811
15.829699643452962
0.02145
0.025886659199992817
30163.95
30085.454947916667
16.077
16.022497177124023
0.021183
0.025886659199992817
30244.74
30147.28984375
16.222
16.22988115946452
0.021063
0.03855694532394409
30204.81
30109.517708333333
16.161
16.163856506347656
0.02111
0.025886659199992817
30221.16
30133.426302083335
16.181
16.190418243408203
0.021137
0.05166737561424573
30421.29
30339.772265625
16.515
16.589843622843425
0.020757
0.025886659199992817
30442.18
30349.866796875
16.525
16.60416056315104
0.020749
0.04739412615696589
30450.51
30373.361067708334
16.543
16.55282211303711
0.020739
0.025886659199992817
30469.21
30423.7359375
16.574
16.607555643717447
0.02072
0.025886659199992817
30500.02
30442.534244791666
16.642
16.65093231201172
0.02064
0.025886659199992817
30449.65
30377.2328125
16.547
16.60736656188965
0.020705
0.025886659199992817
30387.17
30317.738151041667
16.437
16.45926284790039
0.020825
0.025886659199992817
30358.95
30286.619010416667
16.421
16.44342803955078
0.020882
0.025886659199992817
30324.14
30275.04765625
16.365
16.364784240722656
0.020903
0.025886659199992817
30422.73
30370.529036458334
16.522
16.52002716064453
0.020747
0.025886659199992817
30489.64
30416.811197916668
16.591
16.60933494567871
0.020651
0.03637399474779765
30457.49
30390.031380208333
16.575
16.571386337280273
0.020708
0.02923316980401675
30522.91
30453.046744791667
16.655
16.581985473632812
0.020622
0.025886659199992817
30553.94
30476.106510416666
16.719
16.640033721923828
0.020551
0.025886659199992817
30541.12
30464.312630208333
16.695
16.62608553568522
0.020553
0.025886659199992817
30521.5
30428.41953125
16.652
16.63559341430664
0.020628
0.025886659199992817
30449.59
30355.058723958333
16.537
16.452329635620117
0.020734
0.025886659199992817
30429.68
30338.007421875
16.511
16.468534469604492
0.020746
0.025886659199992817
30489.98
30418.988151041667
16.583
16.579652786254883
0.020643
0.025886659199992817
30474.91
30389.2796875
16.546
16.487491607666016
0.020647
0.025886659199992817
30481.1
30396.070442708333
16.58
16.544038645426433
0.020659
0.025886659199992817
30513.33
30458.142317708334
16.645
16.634759775797527
0.020615
0.025886659199992817
30536.72
30472.246484375
16.685
16.7456968943278
0.020504
0.025886659199992817
30482.99
30410.650520833333
16.61
16.62429224650065
0.02062
0.025886659199992817
30534.56
30445.347526041667
16.681
16.719816207885742
0.020517
0.025886659199992817
30554.03
30458.144401041667
16.714
16.789655685424805
0.020494
0.025886659199992817
30554.42
30460.384895833333
16.717
16.693252563476562
0.020481
0.05036420424779256
30591.4
30535.7046875
16.77
16.788328043619792
0.020444
0.025886659199992817
30603.82
30530.567838541665
16.797
16.758604049682617
0.020405
0.025886659199992817
30629.22
30575.855338541667
16.823
16.82318878173828
0.020369
0.025886659199992817
30651.04
30567.25
16.875
16.861963272094727
0.020381
0.02731896626452605
30489.12
30434.886588541667
16.636
16.68735148111979
0.020632
0.025886659199992817
30486.19
30420.640234375
16.616
16.631309509277344
0.020624
0.025886659199992817
30412.7
30342.569140625
16.523
16.52605438232422
0.020715
0.0538505698243777
30417.08
30349.740885416668
16.543
16.551143646240234
0.02072
0.025886659199992817
30477.01
30413.874479166665
16.605
16.5634459177653
0.02062
0.025886659199992817
30403.98
30313.898567708333
16.518
16.49704933166504
0.020737
0.025886659199992817
30453.59
30396.927604166667
16.562
16.621736526489258
0.020687
0.025886659199992817
30544.02
30480.864322916666
16.714
16.813365936279297
0.0205
0.025886659199992817
30612.8
30550.538151041666
16.83
16.93115234375
0.020353
0.025886659199992817
30559.64
30507.254296875
16.75
16.7941837310791
0.02048
0.025886659199992817
30500.19
30428.318359375
16.66
16.69072151184082
0.020566
0.025886659199992817
30572.67
30525.599609375
16.75
16.85286521911621
0.02046
0.025886659199992817
30479.54
30429.395963541665
16.628
16.774879455566406
0.020606
0.025886659199992817
30620.5
30531.341927083333
16.8
16.845924377441406
0.02045
0.025886659199992817
30328.6
30261.23203125
16.389
16.461149215698242
0.020932
0.03334708934028943
30307.62
30206.685677083333
16.365
16.416538111368816
0.02096
0.025886659199992817
30285.39
30226.366015625
16.289
16.367048517862955
0.020999
0.03238070433338483
30288.18
30200.99765625
16.282
16.254129282633464
0.021014
0.025886659199992817
30252.86
30165.480598958333
16.227
16.22832857767741
0.021069
0.03622897764046987
30281.03
30180.620963541667
16.293
16.30674540201823
0.021034
0.025886659199992817
30319.67
30229.105338541667
16.38
16.389978663126627
0.020968
0.02763341466585795
30352.09
30250.428515625
16.443
16.480710856119792
0.02089
0.025886659199992817
30285.62
30194.011328125
16.314
16.26331926981608
0.02095
0.025886659199992817
30193.69
30092.804296875
16.158
16.11007308959961
0.021138
0.035087217142184574
30165.83
30065.34453125
16.119
16.156063079833984
0.02115
0.025886659199992817
30120.47
30013.484635416666
16.05
16.088525772094727
0.021274
0.025886659199992817
30175.5
30063.99375
16.12
16.118221537272134
0.02117
0.025886659199992817
30227.56
30125.276171875
16.238
16.20620346069336
0.0211
0.025886659199992817
30269.4
30195.636328125
16.27
16.360406748453777
0.021059
0.025886659199992817
30237.65
30185.224479166667
16.228
16.226665369669597
0.021061
0.025886659199992817
30192.69
30114.323046875
16.168
16.214080810546875
0.021177
0.025886659199992817
30207.85
30118.5125
16.194
16.224369049072266
0.021111
0.025886659199992817
30267.47
30223.404166666667
16.252
16.356721878051758
0.02105
0.031343559424082436
30279.8
30199.530859375
16.305
16.3613224029541
0.020985
0.025886659199992817
30249.29
30199.466796875
16.246
16.28628158569336
0.021064
0.028667509183287622
30328.86
30262.634375
16.356
16.415813446044922
0.020935
0.036455004910628
30215.62
30172.934375
16.137
16.23196398417155
0.021148
0.03923676858345668
30248.68
30149.320442708333
16.238
16.21570587158203
0.02108
0.025886659199992817
30248.58
30204.385026041666
16.244
16.325599670410156
0.021072
0.025886659199992817
30372.52
30359.1453125
16.42
16.5218563079834
0.020841
0.03000941462814808
30315.11
30233.265494791667
16.32
16.24106788635254
0.02095
0.032251763592163724
30205.14
30132.552864583333
16.151
16.129110209147136
0.021103
0.0396676113208135
30008.48
29957.260546875
15.88
15.909967549641927
0.021332
0.025886659199992817
29902.7
29854.263671875
15.72
15.719129498799642
0.021551
0.03154246757427851
29832.63
29787.753645833334
15.628
15.715361531575521
0.021603
0.04225479513406753
30070.29
29986.039973958334
15.946
15.882948811848959
0.021283
0.025886659199992817
29806.39
29779.669661458334
15.572
15.580316480000814
0.02177
0.025886659199992817
29994.73
29888.262369791668
15.82
15.76360715230306
0.021501
0.030587402731180192
29721.35
29637.088411458335
15.403
15.379982884724935
0.021911
0.03136193056901296
29908.16
29836.186197916668
15.699
15.698817189534505
0.02165
0.025886659199992817
30110.52
30035.483984375
16.027
16.096164576212566
0.021302
0.03228338385621707